[(0,1)]
[(0,1),(1,0)]
[(1,2)]
[(2,1)]
[(1,2),(2,1)]
[(1,3),(2,1)]
[(1,2),(4,3)]
[(2, 0), (0, 3), (3, 5), (4, 5), (4, 3), (3, 2), (11, 6), (1, 3), (11, 4), (0, 2), (15, 3), (5, 3), (8, 9), (18, 16), (9, 3)]
[(2, 3), (2, 4), (4, 6), (6, 0), (8, 2), (3, 1), (10, 9), (7, 3), (5, 9), (6, 9), (3, 6), (10, 7), (17, 14), (9, 14)]
[(4, 2), (4, 3), (6, 3), (5, 1), (5, 2), (3, 8), (8, 2), (5, 7), (8, 1), (12, 3), (12, 8), (8, 4), (13, 1), (17, 15), (14, 2)]
[(0, 1), (5, 4), (7, 2), (6, 4), (8, 5), (4, 2), (6, 9), (9, 8), (9, 10), (15, 13), (16, 3), (2, 6), (6, 16), (5, 17)]
[(4, 0), (6, 5), (1, 0), (6, 7), (9, 2), (4, 7), (10, 0), (0, 5), (9, 11), (8, 2), (0, 2), (0, 1), (4, 11), (6, 8), (13, 1)]
[(5, 2), (6, 0), (5, 1), (4, 5), (1, 6), (2, 5), (7, 3), (8, 7), (0, 9), (12, 13), (5, 7), (2, 6), (10, 11), (8, 1)]
[(4, 1), (0, 4), (1, 0), (3, 4), (6, 5), (5, 2), (10, 4), (3, 2), (10, 11), (1, 9), (14, 2), (8, 11), (11, 17), (13, 18)]
[(5, 0), (3, 0), (1, 3), (4, 5), (6, 7), (0, 9), (9, 3), (7, 11), (10, 12), (10, 5), (8, 7), (14, 13), (4, 12), (4, 11), (19, 0)]
[(3, 1), (4, 2), (3, 5), (0, 3), (2, 4), (0, 6), (6, 3), (9, 0), (2, 8), (0, 13), (4, 8), (7, 0), (1, 0), (11, 14), (4, 7)]
[(2, 0), (5, 1), (7, 6), (7, 3), (7, 8), (3, 8), (9, 1), (9, 10), (6, 11), (12, 11), (15, 7), (14, 7), (10, 5), (5, 13), (14, 16)]
